size,accuracy,time_train,f1_score,precison,recall
448,0.9344446258059251,0.00979,0.8174742941544054,0.9726916317425983,0.7049774642367235
896,0.9422590386027911,0.028833,0.8420582654314098,0.9782157676348547,0.7391730354693318
1344,0.9519301395576594,0.057398,0.8722758321587336,0.9763349514563107,0.7882618067803253
1792,0.9583979433608096,0.068246,0.8915252433899027,0.9753230124548946,0.8209876543209876
2240,0.9631314780053865,0.090423,0.9049097510919328,0.9773786518131181,0.842445620223398
2688,0.9670692891536766,0.125595,0.9157883752478346,0.9794642857142857,0.8598863413678228
3136,0.9697625071411083,0.182125,0.9232362995959804,0.9793406593406594,0.8732118361747991
3584,0.9728025789602547,0.194521,0.9314617718134609,0.9799848534025749,0.887517146776406
4032,0.9725985472945401,0.243284,0.9308124259440522,0.9814231395980445,0.8851655888692925
4480,0.975210152615686,0.270006,0.9378294018318579,0.9814715647424226,0.8979031941994905
4928,0.9744144291193994,0.357678,0.9356923076923077,0.9816010329244674,0.893885949441505
196045,0.9952052558557088,138.116882,0.9885147353501784,0.986153096050707,0.9908877131099353
