size,accuracy,time_train,f1_score,precison,recall
448,0.9806169917571207,0.009369,0.9533993917394291,0.9546168958742632,0.9521849892220262
896,0.9907369623765608,0.007915,0.9780506671823632,0.9653559839664058,0.9910836762688614
1344,0.99241002203542,0.015142,0.98205499276411,0.9672177879133409,0.9973544973544973
1792,0.9933281645311353,0.031715,0.9842006087838817,0.9708321418358593,0.9979423868312757
2240,0.9937566310291357,0.038063,0.9852102464958917,0.9721480351011065,0.9986282578875172
2688,0.9939606626948503,0.050656,0.9856977193660611,0.9723546234509056,0.9994121105232217
3136,0.994083081694279,0.070896,0.9859849217088729,0.9728209040625596,0.9995100921026847
3584,0.994266710193422,0.079596,0.9864152767706068,0.9735661799790056,0.9996080736821478
4032,0.9943279196931364,0.074422,0.9865583599265061,0.9738449789996182,0.9996080736821478
4480,0.9943891291928507,0.089576,0.9867014845979013,0.9741239377446768,0.9996080736821478
4928,0.9943687260262792,0.105508,0.9866537717601547,0.9740309337406913,0.9996080736821478
196045,0.9981637150085694,219.902349,0.9956088992974239,0.9915451895043732,0.9997060552616108
