size,accuracy,time_train,f1_score,precison,recall
7,0.5814285714285714,0.0019,0.317016317016317,0.8607594936708861,0.19428571428571428
14,0.8471428571428572,0.001491,0.8664169787765293,0.7694013303769401,0.9914285714285714
21,0.8885714285714286,0.001892,0.8928571428571429,0.8597883597883598,0.9285714285714286
28,0.8985714285714286,0.005235,0.9069462647444299,0.837772397094431,0.9885714285714285
35,0.8957142857142857,0.002068,0.9045751633986929,0.8337349397590361,0.9885714285714285
42,0.8942857142857142,0.002221,0.9041450777202072,0.8270142180094787,0.9971428571428571
49,0.8971428571428571,0.00239,0.9064935064935066,0.830952380952381,0.9971428571428571
56,0.8928571428571429,0.00211,0.9006622516556292,0.8395061728395061,0.9714285714285714
63,0.8971428571428571,0.002409,0.9055118110236221,0.837378640776699,0.9857142857142858
70,0.9057142857142857,0.002774,0.9115281501340482,0.8585858585858586,0.9714285714285714
77,0.8985714285714286,0.002986,0.9059602649006623,0.8444444444444444,0.9771428571428571
84,0.8957142857142857,0.003136,0.9040735873850196,0.8369829683698297,0.9828571428571429
91,0.8942857142857142,0.003946,0.9028871391076115,0.8349514563106796,0.9828571428571429
98,0.8942857142857142,0.003804,0.9028871391076115,0.8349514563106796,0.9828571428571429
105,0.8942857142857142,0.004369,0.9031413612565445,0.8333333333333334,0.9857142857142858
112,0.89,0.005036,0.8993464052287582,0.8289156626506025,0.9828571428571429
119,0.89,0.005239,0.8998699609882965,0.8257756563245824,0.9885714285714285
126,0.89,0.005708,0.8998699609882965,0.8257756563245824,0.9885714285714285
133,0.8928571428571429,0.005929,0.9024707412223666,0.8281622911694511,0.9914285714285714
140,0.8871428571428571,0.006297,0.8972691807542262,0.8233890214797136,0.9857142857142858
147,0.8942857142857142,0.006217,0.9033942558746736,0.8317307692307693,0.9885714285714285
154,0.8942857142857142,0.006921,0.9033942558746736,0.8317307692307693,0.9885714285714285
161,0.8957142857142857,0.007808,0.9040735873850196,0.8369829683698297,0.9828571428571429
168,0.8942857142857142,0.008388,0.9026315789473685,0.8365853658536585,0.98
175,0.8957142857142857,0.008537,0.9033112582781457,0.8419753086419753,0.9742857142857143
182,0.8971428571428571,0.008921,0.9045092838196287,0.844059405940594,0.9742857142857143
189,0.9,0.009823,0.9071618037135277,0.8465346534653465,0.9771428571428571
196,0.8985714285714286,0.010385,0.905710491367862,0.8461538461538461,0.9742857142857143
203,0.8985714285714286,0.01106,0.905710491367862,0.8461538461538461,0.9742857142857143
210,0.8957142857142857,0.011201,0.9030544488711819,0.8436724565756824,0.9714285714285714
