size,accuracy,time_train,f1_score,precison,recall
7,0.5,0.001507,0.0,0.0,0.0
14,0.5,0.001431,0.6666666666666666,0.5,1.0
21,0.6657142857142857,0.001551,0.5063291139240506,0.967741935483871,0.34285714285714286
28,0.6171428571428571,0.001727,0.7231404958677686,0.5663430420711975,1.0
35,0.7914285714285715,0.001946,0.8274231678486998,0.7056451612903226,1.0
42,0.5928571428571429,0.002152,0.7106598984771574,0.5511811023622047,1.0
49,0.6485714285714286,0.002521,0.7399577167019027,0.587248322147651,1.0
56,0.7385714285714285,0.002859,0.7927519818799548,0.6566604127579737,1.0
63,0.8771428571428571,0.003331,0.8905852417302799,0.8027522935779816,1.0
70,0.8985714285714286,0.002877,0.9071895424836601,0.8361445783132531,0.9914285714285714
77,0.8928571428571429,0.003119,0.9032258064516129,0.8235294117647058,1.0
84,0.9,0.003493,0.9086161879895562,0.8365384615384616,0.9942857142857143
91,0.8971428571428571,0.004167,0.90625,0.8325358851674641,0.9942857142857143
98,0.8971428571428571,0.004682,0.9064935064935066,0.830952380952381,0.9971428571428571
105,0.8971428571428571,0.005073,0.90625,0.8325358851674641,0.9942857142857143
112,0.8942857142857142,0.005324,0.903896103896104,0.8285714285714286,0.9942857142857143
119,0.8971428571428571,0.007169,0.9067357512953368,0.8293838862559242,1.0
126,0.8985714285714286,0.006162,0.9079118028534371,0.831353919239905,1.0
133,0.8985714285714286,0.006964,0.9079118028534371,0.831353919239905,1.0
140,0.8971428571428571,0.007358,0.9064935064935066,0.830952380952381,0.9971428571428571
147,0.8971428571428571,0.007611,0.9064935064935066,0.830952380952381,0.9971428571428571
154,0.8957142857142857,0.007761,0.9053177691309986,0.828978622327791,0.9971428571428571
161,0.8971428571428571,0.00927,0.9064935064935066,0.830952380952381,0.9971428571428571
168,0.8957142857142857,0.010009,0.9053177691309986,0.828978622327791,0.9971428571428571
175,0.8971428571428571,0.010904,0.90625,0.8325358851674641,0.9942857142857143
182,0.8957142857142857,0.010476,0.9045751633986929,0.8337349397590361,0.9885714285714285
189,0.8971428571428571,0.010969,0.9060052219321149,0.8341346153846154,0.9914285714285714
196,0.8957142857142857,0.012063,0.9045751633986929,0.8337349397590361,0.9885714285714285
203,0.8957142857142857,0.013234,0.9045751633986929,0.8337349397590361,0.9885714285714285
210,0.8985714285714286,0.01243,0.9074315514993482,0.8345323741007195,0.9942857142857143
