size,accuracy,time_train,f1_score,precison,recall
7,0.5,0.001548,0.0,0.0,0.0
14,0.5685714285714286,0.001514,0.6986027944111777,0.5368098159509203,1.0
21,0.9014285714285715,0.001661,0.9063772048846677,0.8630490956072352,0.9542857142857143
28,0.8928571428571429,0.001891,0.9022164276401564,0.829736211031175,0.9885714285714285
35,0.8928571428571429,0.002123,0.9024707412223666,0.8281622911694511,0.9914285714285714
42,0.8914285714285715,0.001779,0.902061855670103,0.8215962441314554,1.0
49,0.8942857142857142,0.002147,0.9043927648578811,0.8254716981132075,1.0
56,0.8957142857142857,0.002235,0.905071521456437,0.8305489260143198,0.9942857142857143
63,0.8957142857142857,0.002566,0.9043250327653997,0.8353510895883777,0.9857142857142858
70,0.9057142857142857,0.003074,0.9129287598944591,0.8480392156862745,0.9885714285714285
77,0.8971428571428571,0.003174,0.9060052219321149,0.8341346153846154,0.9914285714285714
84,0.8957142857142857,0.003554,0.9040735873850196,0.8369829683698297,0.9828571428571429
91,0.8942857142857142,0.003997,0.9036458333333333,0.8301435406698564,0.9914285714285714
98,0.8957142857142857,0.004413,0.9048239895697523,0.8321342925659473,0.9914285714285714
105,0.8957142857142857,0.005057,0.9048239895697523,0.8321342925659473,0.9914285714285714
112,0.8942857142857142,0.005869,0.903896103896104,0.8285714285714286,0.9942857142857143
119,0.8957142857142857,0.006553,0.9055627425614489,0.8274231678486997,1.0
126,0.8971428571428571,0.006767,0.9067357512953368,0.8293838862559242,1.0
133,0.8971428571428571,0.006682,0.9067357512953368,0.8293838862559242,1.0
140,0.8957142857142857,0.006948,0.9053177691309986,0.828978622327791,0.9971428571428571
147,0.8985714285714286,0.008923,0.9079118028534371,0.831353919239905,1.0
154,0.8985714285714286,0.008777,0.9079118028534371,0.831353919239905,1.0
161,0.8928571428571429,0.008815,0.9019607843137254,0.8313253012048193,0.9857142857142858
168,0.8957142857142857,0.009178,0.9048239895697523,0.8321342925659473,0.9914285714285714
175,0.8957142857142857,0.010072,0.9043250327653997,0.8353510895883777,0.9857142857142858
182,0.8957142857142857,0.010605,0.9040735873850196,0.8369829683698297,0.9828571428571429
189,0.8971428571428571,0.011259,0.9052631578947368,0.8390243902439024,0.9828571428571429
196,0.8971428571428571,0.011972,0.9052631578947368,0.8390243902439024,0.9828571428571429
203,0.8971428571428571,0.012683,0.9052631578947368,0.8390243902439024,0.9828571428571429
210,0.8985714285714286,0.013309,0.9067017082785809,0.8394160583941606,0.9857142857142858
