size,accuracy,time_train,f1_score,precison,recall
25,0.5157728706624606,0.036805,0.39207920792079204,0.4900990099009901,0.32673267326732675
50,0.5394321766561514,0.573957,0.11515151515151516,0.7037037037037037,0.0627062706270627
75,0.5678233438485805,0.873076,0.2712765957446808,0.6986301369863014,0.16831683168316833
100,0.6041009463722398,1.411415,0.4176334106728538,0.703125,0.297029702970297
125,0.6293375394321766,1.102909,0.5796064400715564,0.6328125,0.5346534653465347
150,0.6340694006309149,1.770102,0.573529411764706,0.6473029045643154,0.5148514851485149
175,0.638801261829653,1.826693,0.5767097966728282,0.6554621848739496,0.5148514851485149
200,0.6514195583596214,0.857677,0.5869158878504674,0.6767241379310345,0.5181518151815182
225,0.667192429022082,1.853519,0.6114180478821363,0.6916666666666667,0.5478547854785478
250,0.6813880126182965,1.031,0.6379928315412187,0.6980392156862745,0.5874587458745875
275,0.7318611987381703,3.548139,0.7203947368421052,0.7180327868852459,0.7227722772277227
300,0.7444794952681388,2.59125,0.7290969899665553,0.7389830508474576,0.7194719471947195
325,0.7634069400630915,1.015603,0.755700325732899,0.7459807073954984,0.7656765676567657
350,0.7807570977917981,2.670128,0.773246329526917,0.7645161290322581,0.7821782178217822
375,0.7665615141955836,2.814779,0.7525083612040134,0.7627118644067796,0.7425742574257426
400,0.7870662460567823,2.380483,0.7797716150081566,0.7709677419354839,0.7887788778877888
425,0.8123028391167192,3.0174,0.8077544426494345,0.7911392405063291,0.8250825082508251
450,0.8296529968454258,1.014313,0.8291139240506329,0.7963525835866262,0.8646864686468647
475,0.8470031545741324,3.422726,0.8472440944881888,0.8102409638554217,0.8877887788778878
500,0.8675078864353313,1.727111,0.8695652173913043,0.8211143695014663,0.9240924092409241
525,0.8596214511041009,2.065657,0.8607198748043818,0.8184523809523809,0.9075907590759076
550,0.8659305993690851,5.506262,0.8678071539657852,0.8205882352941176,0.9207920792079208
575,0.8690851735015773,5.204113,0.8713178294573645,0.8216374269005848,0.9273927392739274
600,0.8706624605678234,3.266298,0.8734567901234567,0.8202898550724638,0.933993399339934
625,0.8690851735015773,3.709124,0.8721109399075501,0.8179190751445087,0.933993399339934
650,0.8738170347003155,2.849779,0.8773006134969324,0.8194842406876791,0.9438943894389439
675,0.8738170347003155,2.756149,0.8780487804878049,0.8158640226628895,0.9504950495049505
700,0.8769716088328076,3.646764,0.8818181818181818,0.8151260504201681,0.9603960396039604
725,0.8738170347003155,1.673175,0.8795180722891567,0.8088642659279779,0.9636963696369637
750,0.8801261829652997,1.653152,0.8851963746223566,0.8161559888579387,0.966996699669967
2534,0.9006309148264984,5.95308,0.9044006069802732,0.8370786516853933,0.9834983498349835
