size,accuracy,time_train,f1_score,precison,recall
80,0.982,0.0015,0.47058823529411764,0.9696969696969697,0.3106796116504854
160,0.98375,0.001438,0.5454545454545455,0.975,0.3786407766990291
240,0.9865,0.001668,0.6538461538461539,0.9622641509433962,0.49514563106796117
320,0.9875,0.001884,0.6874999999999999,0.9649122807017544,0.5339805825242718
400,0.98875,0.002099,0.7239263803680982,0.9833333333333333,0.5728155339805825
480,0.98975,0.002371,0.7544910179640719,0.984375,0.6116504854368932
560,0.99225,0.003002,0.8248587570621468,0.9864864864864865,0.7087378640776699
640,0.9925,0.003133,0.8314606741573034,0.9866666666666667,0.7184466019417476
720,0.994,0.003418,0.8695652173913043,0.9876543209876543,0.7766990291262136
800,0.9945,0.003602,0.8817204301075269,0.9879518072289156,0.7961165048543689
880,0.99475,0.003666,0.8877005347593583,0.9880952380952381,0.8058252427184466
960,0.99475,0.003916,0.8877005347593583,0.9880952380952381,0.8058252427184466
1040,0.995,0.004202,0.8936170212765956,0.9882352941176471,0.8155339805825242
1120,0.99525,0.004268,0.8994708994708994,0.9883720930232558,0.8252427184466019
1200,0.9955,0.004048,0.9052631578947368,0.9885057471264368,0.8349514563106796
1280,0.9955,0.004645,0.9052631578947368,0.9885057471264368,0.8349514563106796
1360,0.9955,0.006006,0.9052631578947368,0.9885057471264368,0.8349514563106796
1440,0.9955,0.005678,0.9052631578947368,0.9885057471264368,0.8349514563106796
1520,0.9955,0.00589,0.9052631578947368,0.9885057471264368,0.8349514563106796
1600,0.99175,0.012568,0.8114285714285714,0.9861111111111112,0.6893203883495146
1680,0.99175,0.014208,0.8114285714285714,0.9861111111111112,0.6893203883495146
1760,0.992,0.015192,0.8181818181818181,0.9863013698630136,0.6990291262135923
1840,0.992,0.013844,0.8181818181818181,0.9863013698630136,0.6990291262135923
1920,0.99275,0.015842,0.8379888268156425,0.9868421052631579,0.7281553398058253
2000,0.99275,0.016181,0.8379888268156425,0.9868421052631579,0.7281553398058253
2080,0.993,0.016552,0.8444444444444444,0.987012987012987,0.7378640776699029
2160,0.993,0.018211,0.8444444444444444,0.987012987012987,0.7378640776699029
2240,0.993,0.021872,0.8444444444444444,0.987012987012987,0.7378640776699029
2320,0.99325,0.02277,0.8508287292817679,0.9871794871794872,0.7475728155339806
2400,0.99325,0.022646,0.8508287292817679,0.9871794871794872,0.7475728155339806
2480,0.9935,0.023263,0.8571428571428571,0.9873417721518988,0.7572815533980582
2560,0.9935,0.024647,0.8571428571428571,0.9873417721518988,0.7572815533980582
2640,0.99375,0.026103,0.8633879781420766,0.9875,0.7669902912621359
2720,0.99375,0.030445,0.8633879781420766,0.9875,0.7669902912621359
2800,0.99375,0.030089,0.8633879781420766,0.9875,0.7669902912621359
2880,0.99375,0.031596,0.8633879781420766,0.9875,0.7669902912621359
2960,0.994,0.032462,0.8695652173913043,0.9876543209876543,0.7766990291262136
3040,0.994,0.037618,0.8695652173913043,0.9876543209876543,0.7766990291262136
3120,0.9945,0.03913,0.8817204301075269,0.9879518072289156,0.7961165048543689
3200,0.9945,0.038383,0.8817204301075269,0.9879518072289156,0.7961165048543689
3280,0.9945,0.040268,0.8817204301075269,0.9879518072289156,0.7961165048543689
3360,0.9945,0.04341,0.8817204301075269,0.9879518072289156,0.7961165048543689
3440,0.9945,0.040991,0.8817204301075269,0.9879518072289156,0.7961165048543689
3520,0.9945,0.044963,0.8817204301075269,0.9879518072289156,0.7961165048543689
3600,0.9945,0.046333,0.8817204301075269,0.9879518072289156,0.7961165048543689
3680,0.99475,0.046566,0.8877005347593583,0.9880952380952381,0.8058252427184466
3760,0.99475,0.051502,0.8877005347593583,0.9880952380952381,0.8058252427184466
3840,0.99525,0.054066,0.8994708994708994,0.9883720930232558,0.8252427184466019
3920,0.99525,0.056713,0.8994708994708994,0.9883720930232558,0.8252427184466019
4000,0.99525,0.063616,0.8994708994708994,0.9883720930232558,0.8252427184466019
4080,0.99525,0.064983,0.8994708994708994,0.9883720930232558,0.8252427184466019
4160,0.99525,0.070635,0.8994708994708994,0.9883720930232558,0.8252427184466019
4240,0.99525,0.073167,0.8994708994708994,0.9883720930232558,0.8252427184466019
4320,0.99525,0.074815,0.8994708994708994,0.9883720930232558,0.8252427184466019
4400,0.99525,0.074766,0.8994708994708994,0.9883720930232558,0.8252427184466019
4480,0.99525,0.074811,0.8994708994708994,0.9883720930232558,0.8252427184466019
4560,0.99525,0.081133,0.8994708994708994,0.9883720930232558,0.8252427184466019
4640,0.99525,0.082446,0.8994708994708994,0.9883720930232558,0.8252427184466019
4720,0.99525,0.084924,0.8994708994708994,0.9883720930232558,0.8252427184466019
4800,0.99525,0.088349,0.8994708994708994,0.9883720930232558,0.8252427184466019
