size,accuracy,time_train,f1_score,precison,recall
80,0.9965,0.001289,0.9278350515463917,0.989010989010989,0.8737864077669902
160,0.9885,0.001509,0.7982456140350878,0.728,0.883495145631068
240,0.9915,0.0019,0.8425925925925926,0.8053097345132744,0.883495145631068
320,0.991,0.00223,0.834862385321101,0.7913043478260869,0.883495145631068
400,0.99075,0.002662,0.8294930875576036,0.7894736842105263,0.8737864077669902
480,0.991,0.003289,0.8333333333333334,0.7964601769911505,0.8737864077669902
560,0.99575,0.005563,0.9119170984455958,0.9777777777777777,0.8543689320388349
640,0.996,0.006617,0.9166666666666666,0.9887640449438202,0.8543689320388349
720,0.996,0.007201,0.9166666666666666,0.9887640449438202,0.8543689320388349
800,0.996,0.008353,0.9166666666666666,0.9887640449438202,0.8543689320388349
880,0.996,0.007567,0.9166666666666666,0.9887640449438202,0.8543689320388349
960,0.996,0.00994,0.9166666666666666,0.9887640449438202,0.8543689320388349
1040,0.996,0.011022,0.9166666666666666,0.9887640449438202,0.8543689320388349
1120,0.99375,0.008784,0.8780487804878048,0.8823529411764706,0.8737864077669902
1200,0.9945,0.009511,0.891089108910891,0.9090909090909091,0.8737864077669902
1280,0.99475,0.010024,0.8955223880597014,0.9183673469387755,0.8737864077669902
1360,0.99475,0.013183,0.8955223880597014,0.9183673469387755,0.8737864077669902
1440,0.9955,0.014099,0.909090909090909,0.9473684210526315,0.8737864077669902
1520,0.9955,0.01671,0.909090909090909,0.9473684210526315,0.8737864077669902
1600,0.99625,0.0312,0.9222797927461138,0.9888888888888889,0.8640776699029126
1680,0.99625,0.02704,0.9222797927461138,0.9888888888888889,0.8640776699029126
1760,0.99625,0.037232,0.9222797927461138,0.9888888888888889,0.8640776699029126
1840,0.99625,0.036495,0.9222797927461138,0.9888888888888889,0.8640776699029126
1920,0.99625,0.040085,0.9222797927461138,0.9888888888888889,0.8640776699029126
2000,0.99525,0.044247,0.8994708994708994,0.9883720930232558,0.8252427184466019
2080,0.9955,0.052204,0.9052631578947368,0.9885057471264368,0.8349514563106796
2160,0.99525,0.056944,0.8994708994708994,0.9883720930232558,0.8252427184466019
2240,0.9955,0.05386,0.9052631578947368,0.9885057471264368,0.8349514563106796
2320,0.99575,0.061746,0.9109947643979057,0.9886363636363636,0.8446601941747572
2400,0.9955,0.086986,0.9052631578947368,0.9885057471264368,0.8349514563106796
2480,0.9955,0.09383,0.9052631578947368,0.9885057471264368,0.8349514563106796
2560,0.9955,0.081028,0.9052631578947368,0.9885057471264368,0.8349514563106796
2640,0.9955,0.088543,0.9052631578947368,0.9885057471264368,0.8349514563106796
2720,0.9955,0.159405,0.9052631578947368,0.9885057471264368,0.8349514563106796
2800,0.9955,0.178416,0.9052631578947368,0.9885057471264368,0.8349514563106796
2880,0.9955,0.151032,0.9052631578947368,0.9885057471264368,0.8349514563106796
2960,0.9955,0.182316,0.9052631578947368,0.9885057471264368,0.8349514563106796
3040,0.9955,0.170739,0.9052631578947368,0.9885057471264368,0.8349514563106796
3120,0.9955,0.208531,0.9052631578947368,0.9885057471264368,0.8349514563106796
3200,0.9955,0.228185,0.9052631578947368,0.9885057471264368,0.8349514563106796
3280,0.9955,0.208343,0.9052631578947368,0.9885057471264368,0.8349514563106796
3360,0.9955,0.215533,0.9052631578947368,0.9885057471264368,0.8349514563106796
3440,0.9955,0.333245,0.9052631578947368,0.9885057471264368,0.8349514563106796
3520,0.9955,0.288123,0.9052631578947368,0.9885057471264368,0.8349514563106796
3600,0.9955,0.300198,0.9052631578947368,0.9885057471264368,0.8349514563106796
3680,0.9955,0.454459,0.9052631578947368,0.9885057471264368,0.8349514563106796
3760,0.9955,0.399438,0.9052631578947368,0.9885057471264368,0.8349514563106796
3840,0.9955,0.500074,0.9052631578947368,0.9885057471264368,0.8349514563106796
3920,0.9955,0.47725,0.9052631578947368,0.9885057471264368,0.8349514563106796
4000,0.9955,0.4597,0.9052631578947368,0.9885057471264368,0.8349514563106796
4080,0.9955,0.48843,0.9052631578947368,0.9885057471264368,0.8349514563106796
4160,0.9955,0.539179,0.9052631578947368,0.9885057471264368,0.8349514563106796
4240,0.9955,0.621317,0.9052631578947368,0.9885057471264368,0.8349514563106796
4320,0.9955,0.833073,0.9052631578947368,0.9885057471264368,0.8349514563106796
4400,0.9955,0.746726,0.9052631578947368,0.9885057471264368,0.8349514563106796
4480,0.9955,0.775758,0.9052631578947368,0.9885057471264368,0.8349514563106796
4560,0.99525,0.97095,0.8994708994708994,0.9883720930232558,0.8252427184466019
4640,0.99525,0.896822,0.8994708994708994,0.9883720930232558,0.8252427184466019
4720,0.99525,0.740251,0.8994708994708994,0.9883720930232558,0.8252427184466019
4800,0.99525,1.17687,0.8994708994708994,0.9883720930232558,0.8252427184466019
