size,accuracy,time_train,f1_score,precison,recall
80,0.99025,0.001632,0.7692307692307693,0.9848484848484849,0.6310679611650486
160,0.98975,0.001848,0.7544910179640719,0.984375,0.6116504854368932
240,0.99075,0.002507,0.7836257309941521,0.9852941176470589,0.6504854368932039
320,0.99475,0.003132,0.8877005347593583,0.9880952380952381,0.8058252427184466
400,0.99475,0.003904,0.8877005347593583,0.9880952380952381,0.8058252427184466
480,0.9945,0.00507,0.8817204301075269,0.9879518072289156,0.7961165048543689
560,0.995,0.005921,0.8936170212765956,0.9882352941176471,0.8155339805825242
640,0.995,0.006014,0.8936170212765956,0.9882352941176471,0.8155339805825242
720,0.99425,0.007089,0.8756756756756756,0.9878048780487805,0.7864077669902912
800,0.995,0.007836,0.8936170212765956,0.9882352941176471,0.8155339805825242
880,0.995,0.008527,0.8936170212765956,0.9882352941176471,0.8155339805825242
960,0.99525,0.010509,0.8994708994708994,0.9883720930232558,0.8252427184466019
1040,0.995,0.011934,0.8936170212765956,0.9882352941176471,0.8155339805825242
1120,0.9955,0.012482,0.9052631578947368,0.9885057471264368,0.8349514563106796
1200,0.9955,0.014099,0.9052631578947368,0.9885057471264368,0.8349514563106796
1280,0.9955,0.015632,0.9052631578947368,0.9885057471264368,0.8349514563106796
1360,0.9955,0.017628,0.9052631578947368,0.9885057471264368,0.8349514563106796
1440,0.9955,0.019679,0.9052631578947368,0.9885057471264368,0.8349514563106796
1520,0.99525,0.020978,0.8994708994708994,0.9883720930232558,0.8252427184466019
1600,0.9955,0.023165,0.9052631578947368,0.9885057471264368,0.8349514563106796
1680,0.9955,0.024201,0.9052631578947368,0.9885057471264368,0.8349514563106796
1760,0.9955,0.028424,0.9052631578947368,0.9885057471264368,0.8349514563106796
1840,0.9955,0.031248,0.9052631578947368,0.9885057471264368,0.8349514563106796
1920,0.99525,0.030987,0.8994708994708994,0.9883720930232558,0.8252427184466019
2000,0.995,0.03368,0.8936170212765956,0.9882352941176471,0.8155339805825242
2080,0.995,0.035863,0.8936170212765956,0.9882352941176471,0.8155339805825242
2160,0.99525,0.037293,0.8994708994708994,0.9883720930232558,0.8252427184466019
2240,0.99525,0.042406,0.8994708994708994,0.9883720930232558,0.8252427184466019
2320,0.99575,0.044523,0.9109947643979057,0.9886363636363636,0.8446601941747572
2400,0.99575,0.048852,0.9109947643979057,0.9886363636363636,0.8446601941747572
2480,0.99575,0.050674,0.9109947643979057,0.9886363636363636,0.8446601941747572
2560,0.99575,0.056628,0.9109947643979057,0.9886363636363636,0.8446601941747572
2640,0.99575,0.055453,0.9109947643979057,0.9886363636363636,0.8446601941747572
2720,0.99575,0.061665,0.9109947643979057,0.9886363636363636,0.8446601941747572
2800,0.99575,0.068307,0.9109947643979057,0.9886363636363636,0.8446601941747572
2880,0.99575,0.066822,0.9109947643979057,0.9886363636363636,0.8446601941747572
2960,0.99575,0.067592,0.9109947643979057,0.9886363636363636,0.8446601941747572
3040,0.99575,0.076089,0.9109947643979057,0.9886363636363636,0.8446601941747572
3120,0.99575,0.077188,0.9109947643979057,0.9886363636363636,0.8446601941747572
3200,0.99575,0.079427,0.9109947643979057,0.9886363636363636,0.8446601941747572
3280,0.99575,0.08323,0.9109947643979057,0.9886363636363636,0.8446601941747572
3360,0.99575,0.087127,0.9109947643979057,0.9886363636363636,0.8446601941747572
3440,0.99575,0.092397,0.9109947643979057,0.9886363636363636,0.8446601941747572
3520,0.99575,0.096416,0.9109947643979057,0.9886363636363636,0.8446601941747572
3600,0.99575,0.099512,0.9109947643979057,0.9886363636363636,0.8446601941747572
3680,0.99575,0.098299,0.9109947643979057,0.9886363636363636,0.8446601941747572
3760,0.99575,0.105613,0.9109947643979057,0.9886363636363636,0.8446601941747572
3840,0.99575,0.111785,0.9109947643979057,0.9886363636363636,0.8446601941747572
3920,0.99575,0.118837,0.9109947643979057,0.9886363636363636,0.8446601941747572
4000,0.99575,0.119104,0.9109947643979057,0.9886363636363636,0.8446601941747572
4080,0.99575,0.124735,0.9109947643979057,0.9886363636363636,0.8446601941747572
4160,0.99575,0.138895,0.9109947643979057,0.9886363636363636,0.8446601941747572
4240,0.99575,0.143585,0.9109947643979057,0.9886363636363636,0.8446601941747572
4320,0.99575,0.140069,0.9109947643979057,0.9886363636363636,0.8446601941747572
4400,0.99575,0.144285,0.9109947643979057,0.9886363636363636,0.8446601941747572
4480,0.99575,0.149484,0.9109947643979057,0.9886363636363636,0.8446601941747572
4560,0.99525,0.151775,0.8994708994708994,0.9883720930232558,0.8252427184466019
4640,0.99525,0.162308,0.8994708994708994,0.9883720930232558,0.8252427184466019
4720,0.99575,0.16009,0.9109947643979057,0.9886363636363636,0.8446601941747572
4800,0.99575,0.170285,0.9109947643979057,0.9886363636363636,0.8446601941747572
